
Matrix k: 0

0.00,8976.00,9149.00,8902.00,9088.00,9044.00,9136.00,9046.00,9133.00,9085.00,9057.00,8955.00,8980.00,
8984.00,0.00,8958.00,8955.00,9159.00,8950.00,9093.00,9138.00,9058.00,9048.00,9226.00,8947.00,9059.00,
9121.00,9048.00,0.00,8981.00,9147.00,9066.00,8906.00,9181.00,8913.00,8916.00,9235.00,8975.00,9021.00,
9002.00,9019.00,8952.00,0.00,9184.00,9170.00,9088.00,8992.00,9034.00,8948.00,8980.00,8917.00,9151.00,
9014.00,9011.00,9044.00,8993.00,0.00,9074.00,9162.00,9003.00,9055.00,8960.00,9048.00,9076.00,8950.00,
9069.00,9149.00,9068.00,8947.00,9126.00,0.00,9042.00,9075.00,9047.00,9041.00,8958.00,9099.00,9079.00,
9180.00,9052.00,9035.00,9084.00,9173.00,9109.00,0.00,9065.00,8844.00,9156.00,9165.00,9080.00,9103.00,
9039.00,9103.00,9206.00,8994.00,9057.00,9168.00,9101.00,0.00,8837.00,8960.00,9022.00,9052.00,9168.00,
8996.00,9221.00,9154.00,9143.00,8955.00,9115.00,9073.00,9068.00,0.00,9026.00,9143.00,9063.00,9078.00,
8981.00,9054.00,8955.00,9067.00,9107.00,9160.00,9044.00,8965.00,8986.00,0.00,8910.00,8884.00,9110.00,
9060.00,9020.00,9073.00,9005.00,9059.00,8961.00,8919.00,9244.00,9049.00,8941.00,0.00,9007.00,9106.00,
8989.00,9028.00,9061.00,8970.00,9172.00,9053.00,9040.00,8993.00,9040.00,8936.00,9150.00,0.00,9011.00,
9108.00,8943.00,9024.00,9116.00,9096.00,9159.00,9061.00,8980.00,8962.00,9000.00,9073.00,8947.00,0.00,

Matrix k: 1

0.00,1600.00,1721.00,1666.00,1735.00,1818.00,1769.00,1894.00,1949.00,2177.00,2267.00,2333.00,2512.00,
1627.00,0.00,840.00,896.00,962.00,904.00,1006.00,1008.00,1082.00,1192.00,1355.00,1384.00,1501.00,
1644.00,890.00,0.00,959.00,925.00,1012.00,1046.00,1079.00,1125.00,1188.00,1308.00,1356.00,1478.00,
1633.00,902.00,992.00,0.00,1010.00,1091.00,1104.00,1120.00,1111.00,1214.00,1335.00,1412.00,1607.00,
1724.00,949.00,1009.00,1039.00,0.00,1137.00,1153.00,1224.00,1211.00,1318.00,1390.00,1486.00,1552.00,
1810.00,976.00,956.00,1035.00,1158.00,0.00,1236.00,1295.00,1311.00,1361.00,1347.00,1531.00,1686.00,
1867.00,992.00,1040.00,1119.00,1163.00,1278.00,0.00,1370.00,1418.00,1457.00,1565.00,1557.00,1646.00,
1864.00,1088.00,1087.00,1146.00,1176.00,1305.00,1423.00,0.00,1528.00,1677.00,1605.00,1729.00,1705.00,
1951.00,1107.00,1091.00,1114.00,1216.00,1330.00,1380.00,1596.00,0.00,1862.00,1873.00,1872.00,1817.00,
2095.00,1205.00,1199.00,1239.00,1293.00,1417.00,1479.00,1612.00,1831.00,0.00,2092.00,2088.00,2095.00,
2273.00,1243.00,1278.00,1305.00,1323.00,1362.00,1524.00,1717.00,1856.00,2105.00,0.00,2215.00,2216.00,
2324.00,1336.00,1393.00,1422.00,1491.00,1521.00,1520.00,1711.00,1868.00,2082.00,2226.00,0.00,2407.00,
2465.00,1506.00,1480.00,1546.00,1629.00,1637.00,1732.00,1689.00,1900.00,2066.00,2183.00,2292.00,0.00,

Matrix k: 2

0.00,17.83,18.81,18.71,19.09,20.10,19.36,20.94,21.34,23.96,25.03,26.05,27.97,
18.11,0.00,9.38,10.01,10.50,10.10,11.06,11.03,11.95,13.17,14.69,15.47,16.57,
18.02,9.84,0.00,10.68,10.11,11.16,11.74,11.75,12.62,13.32,14.16,15.11,16.38,
18.14,10.00,11.08,0.00,11.00,11.90,12.15,12.46,12.30,13.57,14.87,15.83,17.56,
19.13,10.53,11.16,11.55,0.00,12.53,12.58,13.60,13.37,14.71,15.36,16.37,17.34,
19.96,10.67,10.54,11.57,12.69,0.00,13.67,14.27,14.49,15.05,15.04,16.83,18.57,
20.34,10.96,11.51,12.32,12.68,14.03,0.00,15.11,16.03,15.91,17.08,17.15,18.08,
20.62,11.95,11.81,12.74,12.98,14.23,15.64,0.00,17.29,18.72,17.79,19.10,18.60,
21.69,12.01,11.92,12.18,13.58,14.59,15.21,17.60,0.00,20.63,20.49,20.66,20.02,
23.33,13.31,13.39,13.66,14.20,15.47,16.35,17.98,20.38,0.00,23.48,23.50,23.00,
25.09,13.78,14.09,14.49,14.60,15.20,17.09,18.57,20.51,23.54,0.00,24.59,24.34,
25.85,14.80,15.37,15.85,16.26,16.80,16.81,19.03,20.66,23.30,24.33,0.00,26.71,
27.06,16.84,16.40,16.96,17.91,17.87,19.11,18.81,21.20,22.96,24.06,25.62,0.00,

Matrix k: 3

57.87,0.28,0.79,0.57,0.03,0.14,0.97,0.32,0.35,0.64,0.06,0.20,0.91,
0.28,0.00,0.46,0.00,0.03,0.57,0.10,0.92,0.06,0.13,0.91,0.67,0.27,
0.79,0.46,0.00,0.40,1.04,0.62,0.23,0.05,0.70,0.06,0.08,0.26,0.02,
0.57,0.00,0.40,0.00,0.56,0.33,0.17,0.29,0.11,0.10,0.37,0.02,0.60,
0.03,0.03,1.04,0.56,0.00,0.16,0.09,0.61,0.21,0.51,0.76,0.12,0.57,
0.14,0.57,0.62,0.33,0.16,0.00,0.36,0.04,0.10,0.42,0.16,0.02,0.70,
0.97,0.10,0.23,0.17,0.09,0.36,0.00,0.52,0.82,0.44,0.01,0.33,1.03,
0.32,0.92,0.05,0.29,0.61,0.04,0.52,0.00,0.31,0.74,0.78,0.07,0.21,
0.35,0.06,0.70,0.11,0.21,0.10,0.82,0.31,0.00,0.25,0.02,0.01,1.19,
0.64,0.13,0.06,0.10,0.51,0.42,0.44,0.74,0.25,0.00,0.06,0.20,0.04,
0.06,0.91,0.08,0.37,0.76,0.16,0.01,0.78,0.02,0.06,0.00,0.26,0.28,
0.20,0.67,0.26,0.02,0.12,0.02,0.33,0.07,0.01,0.20,0.26,0.00,1.09,
0.91,0.27,0.02,0.60,0.57,0.70,1.03,0.21,1.19,0.04,0.28,1.09,0.00,

Matrix k: 0

0.00,18192.00,18198.00,18074.00,18194.00,18238.00,18079.00,17913.00,18295.00,18202.00,17991.00,18036.00,18299.00,
18267.00,0.00,18074.00,17983.00,17962.00,17958.00,18135.00,18124.00,18145.00,18093.00,18371.00,17884.00,18217.00,
18344.00,18144.00,0.00,18020.00,18177.00,18134.00,18051.00,18326.00,17885.00,18109.00,18312.00,18016.00,18027.00,
17951.00,17886.00,17911.00,0.00,18179.00,18089.00,18126.00,18165.00,17950.00,18081.00,17902.00,17781.00,18176.00,
18108.00,18061.00,18296.00,17990.00,0.00,18175.00,18179.00,17891.00,18253.00,18035.00,18133.00,18196.00,17916.00,
18196.00,18245.00,18068.00,17849.00,18325.00,0.00,18040.00,18039.00,18122.00,18150.00,18040.00,18286.00,18200.00,
18248.00,17985.00,18059.00,18302.00,18170.00,18260.00,0.00,17991.00,17789.00,18145.00,18316.00,18244.00,18201.00,
18133.00,18146.00,18333.00,18014.00,18199.00,18226.00,18243.00,0.00,17771.00,18073.00,18174.00,18217.00,18249.00,
18115.00,18322.00,18085.00,17997.00,18038.00,18076.00,18001.00,18242.00,0.00,18139.00,18241.00,18055.00,18238.00,
18006.00,18177.00,18081.00,18270.00,18124.00,18195.00,18038.00,18037.00,17902.00,0.00,17995.00,17956.00,18115.00,
17954.00,18005.00,18030.00,18108.00,18129.00,18004.00,18044.00,18313.00,18221.00,17773.00,0.00,18129.00,18027.00,
18065.00,18020.00,18224.00,18030.00,18176.00,18272.00,17988.00,18041.00,18089.00,17952.00,18291.00,0.00,17918.00,
18213.00,17987.00,17977.00,18183.00,18231.00,18287.00,18227.00,18010.00,18019.00,18155.00,18186.00,18050.00,0.00,

Matrix k: 1

0.00,3273.00,3430.00,3416.00,3519.00,3605.00,3680.00,3776.00,3896.00,4318.00,4464.00,4741.00,5171.00,
3284.00,0.00,1750.00,1826.00,1884.00,1855.00,2041.00,2026.00,2177.00,2370.00,2653.00,2728.00,2960.00,
3349.00,1780.00,0.00,1905.00,1881.00,1984.00,2089.00,2150.00,2193.00,2384.00,2634.00,2752.00,2974.00,
3326.00,1827.00,1871.00,0.00,2069.00,2112.00,2120.00,2231.00,2321.00,2498.00,2674.00,2827.00,3154.00,
3433.00,1908.00,2018.00,2111.00,0.00,2216.00,2290.00,2387.00,2513.00,2646.00,2759.00,2995.00,3103.00,
3582.00,1969.00,1916.00,2088.00,2282.00,0.00,2487.00,2613.00,2628.00,2720.00,2767.00,3101.00,3329.00,
3718.00,1950.00,2037.00,2237.00,2312.00,2563.00,0.00,2759.00,2827.00,3015.00,3150.00,3126.00,3295.00,
3736.00,2154.00,2156.00,2240.00,2343.00,2592.00,2803.00,0.00,3077.00,3400.00,3261.00,3499.00,3438.00,
4007.00,2206.00,2215.00,2273.00,2419.00,2634.00,2778.00,3203.00,0.00,3760.00,3630.00,3651.00,3682.00,
4207.00,2389.00,2418.00,2500.00,2581.00,2788.00,2885.00,3241.00,3637.00,0.00,4231.00,4138.00,4217.00,
4481.00,2474.00,2558.00,2571.00,2735.00,2789.00,3055.00,3451.00,3728.00,4139.00,0.00,4369.00,4371.00,
4694.00,2699.00,2794.00,2822.00,2989.00,2996.00,3002.00,3426.00,3690.00,4217.00,4457.00,0.00,4664.00,
5055.00,2996.00,2997.00,3119.00,3234.00,3314.00,3339.00,3366.00,3702.00,4116.00,4363.00,4651.00,0.00,

Matrix k: 2

0.00,17.99,18.85,18.90,19.34,19.77,20.36,21.08,21.30,23.72,24.81,26.29,28.26,
17.98,0.00,9.68,10.15,10.49,10.33,11.25,11.18,12.00,13.10,14.44,15.25,16.25,
18.26,9.81,0.00,10.57,10.35,10.94,11.57,11.73,12.26,13.16,14.38,15.28,16.50,
18.53,10.21,10.45,0.00,11.38,11.68,11.70,12.28,12.93,13.82,14.94,15.90,17.35,
18.96,10.56,11.03,11.73,0.00,12.19,12.60,13.34,13.77,14.67,15.22,16.46,17.32,
19.69,10.79,10.60,11.70,12.45,0.00,13.79,14.49,14.50,14.99,15.34,16.96,18.29,
20.37,10.84,11.28,12.22,12.72,14.04,0.00,15.34,15.89,16.62,17.20,17.13,18.10,
20.60,11.87,11.76,12.43,12.87,14.22,15.36,0.00,17.31,18.81,17.94,19.21,18.84,
22.12,12.04,12.25,12.63,13.41,14.57,15.43,17.56,0.00,20.73,19.90,20.22,20.19,
23.36,13.14,13.37,13.68,14.24,15.32,15.99,17.97,20.32,0.00,23.51,23.05,23.28,
24.96,13.74,14.19,14.20,15.09,15.49,16.93,18.84,20.46,23.29,0.00,24.10,24.25,
25.98,14.98,15.33,15.65,16.44,16.40,16.69,18.99,20.40,23.49,24.37,0.00,26.03,
27.75,16.66,16.67,17.15,17.74,18.12,18.32,18.69,20.54,22.67,23.99,25.77,0.00,

Matrix k: 3

48.27,0.01,0.59,0.37,0.38,0.08,0.02,0.48,0.82,0.36,0.15,0.30,0.50,
0.01,0.00,0.13,0.06,0.08,0.46,0.41,0.69,0.04,0.04,0.70,0.28,0.41,
0.59,0.13,0.00,0.13,0.68,0.34,0.29,0.03,0.01,0.21,0.20,0.06,0.17,
0.37,0.06,0.13,0.00,0.35,0.02,0.53,0.15,0.30,0.13,0.74,0.25,0.20,
0.38,0.08,0.68,0.35,0.00,0.26,0.13,0.47,0.36,0.43,0.13,0.01,0.42,
0.08,0.46,0.34,0.02,0.26,0.00,0.25,0.26,0.07,0.34,0.15,0.56,0.17,
0.02,0.41,0.29,0.53,0.13,0.25,0.00,0.03,0.46,0.62,0.27,0.45,0.22,
0.48,0.69,0.03,0.15,0.47,0.26,0.03,0.00,0.24,0.84,0.90,0.22,0.15,
0.82,0.04,0.01,0.30,0.36,0.07,0.46,0.24,0.00,0.41,0.56,0.18,0.36,
0.36,0.04,0.21,0.13,0.43,0.34,0.62,0.84,0.41,0.00,0.22,0.45,0.61,
0.15,0.70,0.20,0.74,0.13,0.15,0.27,0.90,0.56,0.22,0.00,0.27,0.26,
0.30,0.28,0.06,0.25,0.01,0.56,0.45,0.22,0.18,0.45,0.27,0.00,0.26,
0.50,0.41,0.17,0.20,0.42,0.17,0.22,0.15,0.36,0.61,0.26,0.26,0.00,

Matrix k: 0

0.00,27295.00,27190.00,26929.00,27114.00,27258.00,27199.00,26797.00,27468.00,27161.00,26964.00,27017.00,27228.00,
27249.00,0.00,27154.00,26997.00,27008.00,26906.00,27225.00,27232.00,27178.00,26986.00,27480.00,26795.00,27351.00,
27439.00,27201.00,0.00,27010.00,27470.00,27229.00,27106.00,27307.00,26964.00,27102.00,27387.00,27288.00,27025.00,
26957.00,26958.00,27043.00,0.00,27236.00,27289.00,27078.00,27211.00,27053.00,27087.00,26963.00,26782.00,27247.00,
27149.00,27165.00,27282.00,27160.00,0.00,27118.00,27111.00,27010.00,27386.00,27122.00,27244.00,27310.00,27048.00,
27162.00,27456.00,27201.00,26886.00,27266.00,0.00,27054.00,26997.00,27239.00,26986.00,26912.00,27394.00,27298.00,
27077.00,27050.00,27247.00,27276.00,27320.00,27359.00,0.00,27035.00,26938.00,27379.00,27370.00,27279.00,27193.00,
27122.00,27286.00,27323.00,27054.00,27322.00,27390.00,27443.00,0.00,26761.00,27185.00,27331.00,27340.00,27370.00,
27008.00,27210.00,27236.00,27268.00,27150.00,27109.00,26864.00,27386.00,0.00,27152.00,27286.00,27161.00,27402.00,
26873.00,27056.00,27217.00,27310.00,27208.00,27341.00,27202.00,27091.00,26852.00,0.00,27098.00,26969.00,27264.00,
27128.00,27104.00,27006.00,27343.00,27079.00,27042.00,26974.00,27359.00,27379.00,26866.00,0.00,27097.00,27045.00,
27126.00,27111.00,27204.00,27122.00,27310.00,27241.00,26932.00,27142.00,27097.00,27063.00,27311.00,0.00,27149.00,
27258.00,26909.00,27125.00,27164.00,27197.00,27293.00,27155.00,27036.00,27107.00,27162.00,27084.00,27012.00,0.00,

Matrix k: 1

0.00,4897.00,5055.00,5087.00,5213.00,5343.00,5562.00,5691.00,5866.00,6552.00,6595.00,7133.00,7620.00,
4844.00,0.00,2596.00,2701.00,2868.00,2860.00,3019.00,3023.00,3260.00,3540.00,3980.00,4029.00,4439.00,
4985.00,2741.00,0.00,2864.00,2852.00,3010.00,3128.00,3194.00,3340.00,3557.00,3913.00,4150.00,4490.00,
4957.00,2755.00,2787.00,0.00,3046.00,3168.00,3187.00,3329.00,3447.00,3717.00,3986.00,4248.00,4758.00,
5209.00,2844.00,3032.00,3144.00,0.00,3266.00,3410.00,3579.00,3762.00,3937.00,4089.00,4506.00,4682.00,
5394.00,2973.00,2895.00,3126.00,3387.00,0.00,3674.00,3829.00,3864.00,4054.00,4160.00,4566.00,4951.00,
5445.00,2963.00,3047.00,3308.00,3440.00,3783.00,0.00,4147.00,4293.00,4555.00,4696.00,4663.00,4955.00,
5651.00,3215.00,3181.00,3373.00,3500.00,3861.00,4203.00,0.00,4639.00,5142.00,4958.00,5268.00,5176.00,
5906.00,3248.00,3294.00,3474.00,3599.00,3912.00,4142.00,4829.00,0.00,5581.00,5513.00,5506.00,5591.00,
6301.00,3539.00,3534.00,3721.00,3853.00,4205.00,4426.00,4849.00,5392.00,0.00,6354.00,6192.00,6386.00,
6773.00,3724.00,3797.00,3924.00,4065.00,4192.00,4548.00,5091.00,5582.00,6203.00,0.00,6599.00,6520.00,
7077.00,4091.00,4164.00,4262.00,4480.00,4500.00,4501.00,5121.00,5547.00,6330.00,6702.00,0.00,7006.00,
7485.00,4442.00,4536.00,4693.00,4735.00,4888.00,4950.00,5050.00,5546.00,6194.00,6539.00,6901.00,0.00,

Matrix k: 2

0.00,17.94,18.59,18.89,19.23,19.60,20.45,21.24,21.36,24.12,24.46,26.40,27.99,
17.78,0.00,9.56,10.00,10.62,10.63,11.09,11.10,11.99,13.12,14.48,15.04,16.23,
18.17,10.08,0.00,10.60,10.38,11.05,11.54,11.70,12.39,13.12,14.29,15.21,16.61,
18.39,10.22,10.31,0.00,11.18,11.61,11.77,12.23,12.74,13.72,14.78,15.86,17.46,
19.19,10.47,11.11,11.58,0.00,12.04,12.58,13.25,13.74,14.52,15.01,16.50,17.31,
19.86,10.83,10.64,11.63,12.42,0.00,13.58,14.18,14.19,15.02,15.46,16.67,18.14,
20.11,10.95,11.18,12.13,12.59,13.83,0.00,15.34,15.94,16.64,17.16,17.09,18.22,
20.84,11.78,11.64,12.47,12.81,14.10,15.32,0.00,17.33,18.91,18.14,19.27,18.91,
21.87,11.94,12.09,12.74,13.26,14.43,15.42,17.63,0.00,20.55,20.20,20.27,20.40,
23.45,13.08,12.98,13.63,14.16,15.38,16.27,17.90,20.08,0.00,23.45,22.96,23.42,
24.97,13.74,14.06,14.35,15.01,15.50,16.86,18.61,20.39,23.09,0.00,24.35,24.11,
26.09,15.09,15.31,15.71,16.40,16.52,16.71,18.87,20.47,23.39,24.54,0.00,25.81,
27.46,16.51,16.72,17.28,17.41,17.91,18.23,18.68,20.46,22.80,24.14,25.55,0.00,

Matrix k: 3

44.69,0.16,0.42,0.50,0.04,0.26,0.34,0.40,0.51,0.68,0.51,0.31,0.53,
0.16,0.00,0.52,0.21,0.15,0.20,0.14,0.68,0.06,0.04,0.74,0.05,0.28,
0.42,0.52,0.00,0.30,0.73,0.41,0.36,0.05,0.29,0.14,0.23,0.10,0.11,
0.50,0.21,0.30,0.00,0.39,0.02,0.36,0.23,0.00,0.10,0.43,0.15,0.19,
0.04,0.15,0.73,0.39,0.00,0.38,0.01,0.44,0.48,0.35,0.00,0.10,0.10,
0.26,0.20,0.41,0.02,0.38,0.00,0.25,0.09,0.25,0.36,0.04,0.15,0.23,
0.34,0.14,0.36,0.36,0.01,0.25,0.00,0.02,0.52,0.37,0.30,0.38,0.01,
0.40,0.68,0.05,0.23,0.44,0.09,0.02,0.00,0.30,1.02,0.47,0.40,0.23,
0.51,0.06,0.29,0.00,0.48,0.25,0.52,0.30,0.00,0.47,0.18,0.20,0.06,
0.68,0.04,0.14,0.10,0.35,0.36,0.37,1.02,0.47,0.00,0.36,0.43,0.62,
0.51,0.74,0.23,0.43,0.00,0.04,0.30,0.47,0.18,0.36,0.00,0.19,0.04,
0.31,0.05,0.10,0.15,0.10,0.15,0.38,0.40,0.20,0.43,0.19,0.00,0.26,
0.53,0.28,0.11,0.19,0.10,0.23,0.01,0.23,0.06,0.62,0.04,0.26,0.00,

Matrix k: 0

0.00,36480.00,36303.00,35967.00,36014.00,36326.00,36357.00,35673.00,36378.00,36106.00,36049.00,36239.00,36254.00,
36441.00,0.00,36225.00,35978.00,36002.00,35767.00,36329.00,36189.00,36293.00,35968.00,36467.00,35754.00,36304.00,
36508.00,36415.00,0.00,36025.00,36246.00,36437.00,36136.00,36423.00,35855.00,36218.00,36541.00,36173.00,36026.00,
35827.00,36047.00,36354.00,0.00,36315.00,36434.00,36218.00,36235.00,36103.00,36033.00,35998.00,35705.00,36157.00,
36249.00,36221.00,36327.00,36122.00,0.00,36143.00,36157.00,35954.00,36528.00,36188.00,36300.00,36379.00,36094.00,
36268.00,36591.00,36264.00,36001.00,36353.00,0.00,36198.00,36129.00,36264.00,36069.00,35858.00,36495.00,36373.00,
36273.00,36109.00,36200.00,36274.00,36186.00,36510.00,0.00,36002.00,35836.00,36408.00,36410.00,36226.00,36011.00,
36092.00,36238.00,36383.00,36099.00,36315.00,36662.00,36466.00,0.00,35944.00,36157.00,36341.00,36377.00,36414.00,
35975.00,36246.00,36281.00,36319.00,36164.00,36333.00,35944.00,36462.00,0.00,36106.00,36273.00,36317.00,36450.00,
35923.00,36159.00,36183.00,36336.00,36363.00,36093.00,36125.00,36197.00,35874.00,0.00,36218.00,36004.00,36388.00,
36160.00,36104.00,35992.00,36362.00,36007.00,36167.00,35884.00,36454.00,36357.00,35964.00,0.00,36189.00,36234.00,
35965.00,36198.00,36193.00,36040.00,36262.00,36399.00,35913.00,36078.00,36220.00,36203.00,36428.00,0.00,36174.00,
36279.00,36080.00,36247.00,36237.00,36145.00,36399.00,36137.00,36085.00,36191.00,36142.00,36082.00,36061.00,0.00,

Matrix k: 1

0.00,6524.00,6716.00,6780.00,6875.00,7115.00,7440.00,7553.00,7757.00,8736.00,8824.00,9585.00,10145.00,
6535.00,0.00,3514.00,3563.00,3783.00,3830.00,4021.00,4069.00,4410.00,4752.00,5227.00,5402.00,5914.00,
6594.00,3642.00,0.00,3832.00,3741.00,4007.00,4141.00,4182.00,4478.00,4765.00,5163.00,5500.00,6061.00,
6639.00,3634.00,3763.00,0.00,4084.00,4171.00,4269.00,4425.00,4592.00,4933.00,5292.00,5632.00,6183.00,
6952.00,3734.00,4019.00,4132.00,0.00,4316.00,4546.00,4750.00,5019.00,5195.00,5474.00,5979.00,6273.00,
7150.00,3924.00,3832.00,4191.00,4572.00,0.00,4923.00,5101.00,5203.00,5417.00,5494.00,6026.00,6531.00,
7373.00,3935.00,4064.00,4398.00,4500.00,4966.00,0.00,5607.00,5703.00,6048.00,6238.00,6176.00,6647.00,
7580.00,4269.00,4216.00,4501.00,4688.00,5163.00,5546.00,0.00,6181.00,6781.00,6607.00,6968.00,6874.00,
7783.00,4308.00,4444.00,4614.00,4824.00,5243.00,5563.00,6432.00,0.00,7437.00,7319.00,7320.00,7478.00,
8485.00,4754.00,4770.00,4958.00,5172.00,5526.00,5915.00,6515.00,7222.00,0.00,8472.00,8311.00,8537.00,
8987.00,5024.00,5114.00,5260.00,5381.00,5654.00,6005.00,6735.00,7490.00,8334.00,0.00,8748.00,8847.00,
9384.00,5473.00,5521.00,5639.00,5940.00,6013.00,6061.00,6783.00,7508.00,8500.00,8893.00,0.00,9292.00,
10043.00,6007.00,6059.00,6246.00,6306.00,6530.00,6569.00,6760.00,7388.00,8282.00,8795.00,9222.00,0.00,

Matrix k: 2

0.00,17.88,18.50,18.85,19.09,19.59,20.46,21.17,21.32,24.20,24.48,26.45,27.98,
17.93,0.00,9.70,9.90,10.51,10.71,11.07,11.24,12.15,13.21,14.33,15.11,16.29,
18.06,10.00,0.00,10.64,10.32,11.00,11.46,11.48,12.49,13.16,14.13,15.20,16.82,
18.53,10.08,10.35,0.00,11.25,11.45,11.79,12.21,12.72,13.69,14.70,15.77,17.10,
19.18,10.31,11.06,11.44,0.00,11.94,12.57,13.21,13.74,14.36,15.08,16.44,17.38,
19.71,10.72,10.57,11.64,12.58,0.00,13.60,14.12,14.35,15.02,15.32,16.51,17.96,
20.33,10.90,11.23,12.12,12.44,13.60,0.00,15.57,15.91,16.61,17.13,17.05,18.46,
21.00,11.78,11.59,12.47,12.91,14.08,15.21,0.00,17.20,18.75,18.18,19.15,18.88,
21.63,11.89,12.25,12.70,13.34,14.43,15.48,17.64,0.00,20.60,20.18,20.16,20.52,
23.62,13.15,13.18,13.64,14.22,15.31,16.37,18.00,20.13,0.00,23.39,23.08,23.46,
24.85,13.92,14.21,14.47,14.94,15.63,16.73,18.48,20.60,23.17,0.00,24.17,24.42,
26.09,15.12,15.25,15.65,16.38,16.52,16.88,18.80,20.73,23.48,24.41,0.00,25.69,
27.68,16.65,16.72,17.24,17.45,17.94,18.18,18.73,20.41,22.92,24.38,25.57,0.00,

Matrix k: 3

38.45,0.05,0.44,0.32,0.09,0.13,0.14,0.17,0.31,0.58,0.38,0.36,0.30,
0.05,0.00,0.30,0.18,0.20,0.02,0.17,0.54,0.27,0.06,0.42,0.01,0.36,
0.44,0.30,0.00,0.29,0.74,0.43,0.23,0.11,0.24,0.03,0.08,0.05,0.11,
0.32,0.18,0.29,0.00,0.19,0.19,0.34,0.26,0.02,0.05,0.24,0.13,0.14,
0.09,0.20,0.74,0.19,0.00,0.64,0.14,0.30,0.40,0.13,0.14,0.05,0.07,
0.13,0.02,0.43,0.19,0.64,0.00,0.00,0.04,0.08,0.29,0.31,0.01,0.02,
0.14,0.17,0.23,0.34,0.14,0.00,0.00,0.37,0.44,0.24,0.40,0.17,0.28,
0.17,0.54,0.11,0.26,0.30,0.04,0.37,0.00,0.44,0.76,0.29,0.35,0.14,
0.31,0.27,0.24,0.02,0.40,0.08,0.44,0.44,0.00,0.47,0.42,0.57,0.10,
0.58,0.06,0.03,0.05,0.13,0.29,0.24,0.76,0.47,0.00,0.22,0.40,0.55,
0.38,0.42,0.08,0.24,0.14,0.31,0.40,0.29,0.42,0.22,0.00,0.24,0.04,
0.36,0.01,0.05,0.13,0.05,0.01,0.17,0.35,0.57,0.40,0.24,0.00,0.11,
0.30,0.36,0.11,0.14,0.07,0.02,0.28,0.14,0.10,0.55,0.04,0.11,0.00,

Matrix k: 0

0.00,45533.00,45643.00,45098.00,45041.00,45437.00,45431.00,44818.00,45484.00,45158.00,45112.00,45410.00,45377.00,
45506.00,0.00,45262.00,45115.00,44925.00,44555.00,45337.00,45246.00,45345.00,44996.00,45536.00,44865.00,45439.00,
45635.00,45607.00,0.00,45124.00,45393.00,45324.00,45213.00,45344.00,44867.00,45248.00,45535.00,45144.00,44997.00,
44879.00,45074.00,45425.00,0.00,45340.00,45575.00,45271.00,45195.00,45045.00,45007.00,45062.00,44796.00,45352.00,
45556.00,45125.00,45285.00,45131.00,0.00,45105.00,45223.00,44923.00,45631.00,45223.00,45338.00,45298.00,45130.00,
45467.00,45745.00,45416.00,45033.00,45413.00,0.00,45223.00,45165.00,45316.00,45256.00,45067.00,45692.00,45278.00,
45280.00,45190.00,45228.00,45230.00,45189.00,45650.00,0.00,45147.00,44954.00,45429.00,45439.00,45352.00,45028.00,
45165.00,45376.00,45469.00,45126.00,45275.00,45759.00,45689.00,0.00,44943.00,45154.00,45290.00,45373.00,45417.00,
45014.00,45353.00,45467.00,45058.00,45347.00,45335.00,45108.00,45644.00,0.00,45113.00,45369.00,45202.00,45417.00,
45017.00,45290.00,45247.00,45441.00,45381.00,45094.00,45159.00,45170.00,44698.00,0.00,45177.00,45083.00,45259.00,
44963.00,45318.00,45139.00,45306.00,45049.00,45106.00,45082.00,45523.00,45462.00,45065.00,0.00,45111.00,45447.00,
45117.00,45130.00,45332.00,45054.00,45284.00,45230.00,44838.00,45071.00,45233.00,45317.00,45495.00,0.00,45289.00,
45364.00,45065.00,45431.00,45396.00,45221.00,45564.00,45140.00,45039.00,45281.00,45177.00,45109.00,45167.00,0.00,

Matrix k: 1

0.00,8148.00,8465.00,8482.00,8603.00,8955.00,9265.00,9507.00,9659.00,10958.00,11105.00,11978.00,12576.00,
8222.00,0.00,4411.00,4479.00,4752.00,4796.00,4979.00,5130.00,5515.00,5937.00,6476.00,6733.00,7399.00,
8283.00,4533.00,0.00,4769.00,4700.00,4991.00,5219.00,5249.00,5607.00,6030.00,6435.00,6914.00,7548.00,
8369.00,4527.00,4694.00,0.00,5119.00,5252.00,5324.00,5522.00,5725.00,6228.00,6650.00,7104.00,7697.00,
8775.00,4639.00,4967.00,5152.00,0.00,5393.00,5676.00,5913.00,6225.00,6486.00,6823.00,7410.00,7807.00,
8883.00,4888.00,4820.00,5188.00,5700.00,0.00,6101.00,6376.00,6554.00,6824.00,6904.00,7518.00,8120.00,
9246.00,4886.00,5060.00,5459.00,5624.00,6227.00,0.00,7012.00,7154.00,7532.00,7738.00,7707.00,8251.00,
9481.00,5345.00,5305.00,5558.00,5851.00,6445.00,6990.00,0.00,7789.00,8378.00,8287.00,8665.00,8509.00,
9789.00,5414.00,5587.00,5704.00,6083.00,6536.00,7029.00,8023.00,0.00,9233.00,9206.00,9201.00,9354.00,
10650.00,5924.00,6004.00,6181.00,6477.00,6864.00,7391.00,8118.00,9056.00,0.00,10526.00,10420.00,10574.00,
11165.00,6285.00,6414.00,6614.00,6776.00,7023.00,7562.00,8420.00,9335.00,10451.00,0.00,10941.00,11062.00,
11770.00,6832.00,6935.00,7034.00,7392.00,7494.00,7562.00,8464.00,9364.00,10577.00,11058.00,0.00,11662.00,
12549.00,7456.00,7607.00,7864.00,7852.00,8146.00,8193.00,8420.00,9329.00,10299.00,10998.00,11514.00,0.00,

Matrix k: 2

0.00,17.89,18.55,18.81,19.10,19.71,20.39,21.21,21.24,24.27,24.62,26.38,27.71,
18.07,0.00,9.75,9.93,10.58,10.76,10.98,11.34,12.16,13.19,14.22,15.01,16.28,
18.15,9.94,0.00,10.57,10.35,11.01,11.54,11.58,12.50,13.33,14.13,15.32,16.77,
18.65,10.04,10.33,0.00,11.29,11.52,11.76,12.22,12.71,13.84,14.76,15.86,16.97,
19.26,10.28,10.97,11.42,0.00,11.96,12.55,13.16,13.64,14.34,15.05,16.36,17.30,
19.54,10.69,10.61,11.52,12.55,0.00,13.49,14.12,14.46,15.08,15.32,16.45,17.93,
20.42,10.81,11.19,12.07,12.45,13.64,0.00,15.53,15.91,16.58,17.03,16.99,18.32,
20.99,11.78,11.67,12.32,12.92,14.08,15.30,0.00,17.33,18.55,18.30,19.10,18.74,
21.75,11.94,12.29,12.66,13.41,14.42,15.58,17.58,0.00,20.47,20.29,20.36,20.60,
23.66,13.08,13.27,13.60,14.27,15.22,16.37,17.97,20.26,0.00,23.30,23.11,23.36,
24.83,13.87,14.21,14.60,15.04,15.57,16.77,18.50,20.53,23.19,0.00,24.25,24.34,
26.09,15.14,15.30,15.61,16.32,16.57,16.87,18.78,20.70,23.34,24.31,0.00,25.75,
27.66,16.54,16.74,17.32,17.36,17.88,18.15,18.69,20.60,22.80,24.38,25.49,0.00,

Matrix k: 3

31.88,0.17,0.40,0.16,0.16,0.17,0.03,0.22,0.51,0.61,0.22,0.29,0.05,
0.17,0.00,0.19,0.12,0.30,0.08,0.17,0.44,0.22,0.11,0.35,0.13,0.26,
0.40,0.19,0.00,0.24,0.61,0.40,0.36,0.09,0.21,0.06,0.08,0.02,0.03,
0.16,0.12,0.24,0.00,0.13,0.00,0.31,0.10,0.05,0.24,0.16,0.25,0.35,
0.16,0.30,0.61,0.13,0.00,0.59,0.11,0.24,0.23,0.07,0.01,0.03,0.06,
0.17,0.08,0.40,0.00,0.59,0.00,0.15,0.03,0.05,0.14,0.25,0.12,0.06,
0.03,0.17,0.36,0.31,0.11,0.15,0.00,0.23,0.33,0.21,0.26,0.13,0.17,
0.22,0.44,0.09,0.10,0.24,0.03,0.23,0.00,0.25,0.58,0.20,0.32,0.04,
0.51,0.22,0.21,0.05,0.23,0.05,0.33,0.25,0.00,0.21,0.24,0.35,0.01,
0.61,0.11,0.06,0.24,0.07,0.14,0.21,0.58,0.21,0.00,0.11,0.23,0.57,
0.22,0.35,0.08,0.16,0.01,0.25,0.26,0.20,0.24,0.11,0.00,0.05,0.04,
0.29,0.13,0.02,0.25,0.03,0.12,0.13,0.32,0.35,0.23,0.05,0.00,0.26,
0.05,0.26,0.03,0.35,0.06,0.06,0.17,0.04,0.01,0.57,0.04,0.26,0.00,

Matrix k: 0

0.00,54742.00,54672.00,54147.00,54164.00,54411.00,54543.00,53921.00,54454.00,54325.00,54096.00,54394.00,54509.00,
54544.00,0.00,54119.00,54299.00,53931.00,53600.00,54623.00,54248.00,54364.00,54126.00,54670.00,53947.00,54349.00,
54608.00,54695.00,0.00,54198.00,54457.00,54512.00,54168.00,54567.00,53789.00,54284.00,54454.00,54113.00,54158.00,
53882.00,54097.00,54577.00,0.00,54336.00,54432.00,54057.00,54250.00,54096.00,53989.00,54073.00,53932.00,54406.00,
54587.00,54073.00,54159.00,54016.00,0.00,54188.00,54273.00,54113.00,54705.00,54285.00,54474.00,54270.00,54210.00,
54562.00,54716.00,54354.00,54155.00,54218.00,0.00,54208.00,54149.00,54485.00,54234.00,54137.00,54805.00,54302.00,
54223.00,54186.00,54231.00,54316.00,54296.00,54762.00,0.00,54091.00,54173.00,54566.00,54585.00,54324.00,54063.00,
54203.00,54496.00,54547.00,54002.00,54476.00,54842.00,54712.00,0.00,53952.00,54127.00,54403.00,54496.00,54767.00,
54163.00,54407.00,54299.00,54040.00,54388.00,54402.00,54125.00,54594.00,0.00,54096.00,54467.00,54237.00,54413.00,
54035.00,54272.00,54165.00,54524.00,54504.00,54164.00,54045.00,54239.00,53774.00,0.00,54001.00,54256.00,54331.00,
54017.00,54336.00,54288.00,54430.00,54297.00,54232.00,54073.00,54437.00,54659.00,54125.00,0.00,54231.00,54535.00,
54179.00,54085.00,54254.00,54273.00,54355.00,54288.00,53796.00,54038.00,54374.00,54606.00,54623.00,0.00,54289.00,
54412.00,54155.00,54394.00,54481.00,54216.00,54533.00,54239.00,54015.00,54265.00,54230.00,54226.00,54249.00,0.00,

Matrix k: 1

0.00,9810.00,10132.00,10241.00,10313.00,10755.00,11079.00,11376.00,11608.00,13200.00,13381.00,14295.00,15135.00,
9790.00,0.00,5277.00,5414.00,5666.00,5720.00,5960.00,6138.00,6593.00,7168.00,7725.00,8148.00,8888.00,
9925.00,5433.00,0.00,5727.00,5642.00,5960.00,6235.00,6367.00,6683.00,7234.00,7687.00,8272.00,9062.00,
10094.00,5439.00,5657.00,0.00,6125.00,6260.00,6346.00,6610.00,6848.00,7397.00,7982.00,8544.00,9227.00,
10576.00,5548.00,5946.00,6159.00,0.00,6511.00,6835.00,7088.00,7467.00,7809.00,8244.00,8848.00,9457.00,
10688.00,5885.00,5815.00,6250.00,6803.00,0.00,7324.00,7655.00,7905.00,8176.00,8287.00,9006.00,9738.00,
11034.00,5889.00,6063.00,6522.00,6828.00,7457.00,0.00,8385.00,8644.00,9152.00,9286.00,9282.00,9932.00,
11358.00,6432.00,6417.00,6657.00,7072.00,7700.00,8367.00,0.00,9320.00,9997.00,10015.00,10409.00,10243.00,
11827.00,6510.00,6670.00,6837.00,7349.00,7888.00,8464.00,9577.00,0.00,11035.00,11015.00,11045.00,11169.00,
12781.00,7109.00,7183.00,7459.00,7740.00,8302.00,8901.00,9855.00,10857.00,0.00,12568.00,12557.00,12694.00,
13405.00,7553.00,7748.00,7981.00,8147.00,8422.00,9044.00,10000.00,11163.00,12568.00,0.00,13153.00,13343.00,
14159.00,8218.00,8352.00,8492.00,8924.00,8970.00,9109.00,10139.00,11291.00,12729.00,13318.00,0.00,13955.00,
15022.00,8941.00,9152.00,9372.00,9414.00,9780.00,9821.00,10162.00,11122.00,12433.00,13239.00,13929.00,0.00,

Matrix k: 2

0.00,17.92,18.53,18.91,19.04,19.77,20.31,21.10,21.32,24.30,24.74,26.28,27.77,
17.95,0.00,9.75,9.97,10.51,10.67,10.91,11.31,12.13,13.24,14.13,15.10,16.35,
18.17,9.93,0.00,10.57,10.36,10.93,11.51,11.67,12.42,13.33,14.12,15.29,16.73,
18.73,10.05,10.37,0.00,11.27,11.50,11.74,12.18,12.66,13.70,14.76,15.84,16.96,
19.37,10.26,10.98,11.40,0.00,12.02,12.59,13.10,13.65,14.39,15.13,16.30,17.45,
19.59,10.76,10.70,11.54,12.55,0.00,13.51,14.14,14.51,15.08,15.31,16.43,17.93,
20.35,10.87,11.18,12.01,12.58,13.62,0.00,15.50,15.96,16.77,17.01,17.09,18.37,
20.95,11.80,11.76,12.33,12.98,14.04,15.29,0.00,17.27,18.47,18.41,19.10,18.70,
21.84,11.97,12.28,12.65,13.51,14.50,15.64,17.54,0.00,20.40,20.22,20.36,20.53,
23.65,13.10,13.26,13.68,14.20,15.33,16.47,18.17,20.19,0.00,23.27,23.14,23.36,
24.82,13.90,14.27,14.66,15.00,15.53,16.73,18.37,20.42,23.22,0.00,24.25,24.47,
26.13,15.19,15.39,15.65,16.42,16.52,16.93,18.76,20.77,23.31,24.38,0.00,25.71,
27.61,16.51,16.83,17.20,17.36,17.93,18.11,18.81,20.50,22.93,24.41,25.68,0.00,

Matrix k: 3

28.59,0.03,0.36,0.18,0.33,0.18,0.04,0.14,0.52,0.65,0.08,0.15,0.16,
0.03,0.00,0.18,0.08,0.25,0.08,0.04,0.49,0.16,0.14,0.23,0.09,0.16,
0.36,0.18,0.00,0.20,0.62,0.23,0.33,0.10,0.14,0.06,0.16,0.11,0.09,
0.18,0.08,0.20,0.00,0.13,0.04,0.27,0.14,0.01,0.02,0.10,0.20,0.24,
0.33,0.25,0.62,0.13,0.00,0.53,0.02,0.12,0.14,0.18,0.13,0.11,0.08,
0.18,0.08,0.23,0.04,0.53,0.00,0.11,0.10,0.01,0.25,0.22,0.09,0.00,
0.04,0.04,0.33,0.27,0.02,0.11,0.00,0.21,0.32,0.30,0.29,0.15,0.26,
0.14,0.49,0.10,0.14,0.12,0.10,0.21,0.00,0.27,0.30,0.04,0.34,0.11,
0.52,0.16,0.14,0.01,0.14,0.01,0.32,0.27,0.00,0.21,0.20,0.40,0.03,
0.65,0.14,0.06,0.02,0.18,0.25,0.30,0.30,0.21,0.00,0.05,0.17,0.44,
0.08,0.23,0.16,0.10,0.13,0.22,0.29,0.04,0.20,0.05,0.00,0.13,0.05,
0.15,0.09,0.11,0.20,0.11,0.09,0.15,0.34,0.40,0.17,0.13,0.00,0.03,
0.16,0.16,0.09,0.24,0.08,0.00,0.26,0.11,0.03,0.44,0.05,0.03,0.00,

Matrix k: 0

0.00,63690.00,63817.00,63211.00,63254.00,63462.00,63377.00,63123.00,63524.00,63564.00,63150.00,63489.00,63624.00,
63580.00,0.00,63115.00,63380.00,63028.00,62513.00,63604.00,63490.00,63459.00,63169.00,63722.00,62934.00,63433.00,
63616.00,63675.00,0.00,63238.00,63543.00,63828.00,63235.00,63657.00,62916.00,63624.00,63481.00,63145.00,63070.00,
62758.00,63171.00,63511.00,0.00,63401.00,63515.00,63040.00,63457.00,63174.00,62917.00,63149.00,62957.00,63385.00,
63672.00,63119.00,63271.00,63136.00,0.00,63137.00,63444.00,63087.00,63858.00,63430.00,63658.00,63367.00,63278.00,
63576.00,63620.00,63387.00,63231.00,63224.00,0.00,63333.00,63113.00,63485.00,63161.00,63138.00,63784.00,63383.00,
63158.00,63326.00,63258.00,63363.00,63234.00,63832.00,0.00,63174.00,63069.00,63649.00,63681.00,63402.00,63074.00,
63303.00,63501.00,63715.00,63100.00,63442.00,63879.00,63781.00,0.00,63141.00,63101.00,63496.00,63555.00,63914.00,
63092.00,63293.00,63271.00,62961.00,63578.00,63501.00,63252.00,63643.00,0.00,63089.00,63526.00,63327.00,63636.00,
63099.00,63225.00,63224.00,63687.00,63571.00,63206.00,63001.00,63310.00,62882.00,0.00,62980.00,63315.00,63445.00,
63012.00,63390.00,63329.00,63616.00,63414.00,63240.00,63222.00,63458.00,63869.00,63136.00,0.00,63304.00,63603.00,
63374.00,63094.00,63261.00,63501.00,63493.00,63380.00,62853.00,62933.00,63506.00,63683.00,63459.00,0.00,63357.00,
63459.00,63095.00,63432.00,63376.00,63425.00,63750.00,63249.00,63061.00,63202.00,63361.00,63229.00,63253.00,0.00,

Matrix k: 1

0.00,11454.00,11766.00,11991.00,12011.00,12519.00,12922.00,13311.00,13615.00,15373.00,15601.00,16634.00,17742.00,
11380.00,0.00,6154.00,6335.00,6611.00,6700.00,6924.00,7208.00,7692.00,8418.00,8989.00,9472.00,10398.00,
11578.00,6364.00,0.00,6645.00,6569.00,7005.00,7231.00,7440.00,7815.00,8490.00,8996.00,9639.00,10520.00,
11771.00,6378.00,6605.00,0.00,7137.00,7310.00,7400.00,7691.00,8011.00,8677.00,9344.00,9935.00,10773.00,
12378.00,6455.00,6968.00,7184.00,0.00,7582.00,7990.00,8255.00,8745.00,9131.00,9649.00,10254.00,11060.00,
12409.00,6794.00,6796.00,7316.00,7897.00,0.00,8576.00,8906.00,9224.00,9498.00,9620.00,10463.00,11303.00,
12932.00,6887.00,7125.00,7604.00,7985.00,8649.00,0.00,9797.00,10030.00,10669.00,10810.00,10772.00,11604.00,
13214.00,7483.00,7448.00,7752.00,8214.00,8957.00,9775.00,0.00,10953.00,11688.00,11698.00,12077.00,11939.00,
13807.00,7576.00,7732.00,7993.00,8550.00,9233.00,9858.00,11203.00,0.00,12855.00,12856.00,12912.00,13079.00,
15038.00,8305.00,8321.00,8670.00,8944.00,9692.00,10425.00,11558.00,12754.00,0.00,14719.00,14751.00,14857.00,
15586.00,8839.00,9075.00,9295.00,9536.00,9813.00,10540.00,11694.00,13062.00,14698.00,0.00,15364.00,15546.00,
16510.00,9583.00,9659.00,9976.00,10404.00,10488.00,10629.00,11776.00,13125.00,14726.00,15528.00,0.00,16315.00,
17619.00,10454.00,10696.00,10898.00,10974.00,11400.00,11543.00,11874.00,12978.00,14503.00,15388.00,16247.00,0.00,

Matrix k: 2

0.00,17.98,18.44,18.97,18.99,19.73,20.39,21.09,21.43,24.19,24.70,26.20,27.89,
17.90,0.00,9.75,10.00,10.49,10.72,10.89,11.35,12.12,13.33,14.11,15.05,16.39,
18.20,9.99,0.00,10.51,10.34,10.97,11.44,11.69,12.42,13.34,14.17,15.26,16.68,
18.76,10.10,10.40,0.00,11.26,11.51,11.74,12.12,12.68,13.79,14.80,15.78,17.00,
19.44,10.23,11.01,11.38,0.00,12.01,12.59,13.09,13.69,14.40,15.16,16.18,17.48,
19.52,10.68,10.72,11.57,12.49,0.00,13.54,14.11,14.53,15.04,15.24,16.40,17.83,
20.48,10.88,11.26,12.00,12.63,13.55,0.00,15.51,15.90,16.76,16.98,16.99,18.40,
20.87,11.78,11.69,12.29,12.95,14.02,15.33,0.00,17.35,18.52,18.42,19.00,18.68,
21.88,11.97,12.22,12.70,13.45,14.54,15.59,17.60,0.00,20.38,20.24,20.39,20.55,
23.83,13.14,13.16,13.61,14.07,15.33,16.55,18.26,20.28,0.00,23.37,23.30,23.42,
24.73,13.94,14.33,14.61,15.04,15.52,16.67,18.43,20.45,23.28,0.00,24.27,24.44,
26.05,15.19,15.27,15.71,16.39,16.55,16.91,18.71,20.67,23.12,24.47,0.00,25.75,
27.76,16.57,16.86,17.20,17.30,17.88,18.25,18.83,20.53,22.89,24.34,25.69,0.00,

Matrix k: 3

28.57,0.09,0.24,0.21,0.45,0.21,0.09,0.21,0.45,0.35,0.03,0.15,0.12,
0.09,0.00,0.24,0.10,0.26,0.04,0.01,0.43,0.15,0.19,0.16,0.14,0.18,
0.24,0.24,0.00,0.11,0.68,0.25,0.17,0.00,0.20,0.18,0.16,0.00,0.18,
0.21,0.10,0.11,0.00,0.12,0.06,0.26,0.17,0.01,0.18,0.19,0.07,0.20,
0.45,0.26,0.68,0.12,0.00,0.48,0.03,0.14,0.25,0.33,0.12,0.20,0.18,
0.21,0.04,0.25,0.06,0.48,0.00,0.01,0.09,0.01,0.30,0.28,0.14,0.05,
0.09,0.01,0.17,0.26,0.03,0.01,0.00,0.18,0.32,0.21,0.30,0.08,0.15,
0.21,0.43,0.00,0.17,0.14,0.09,0.18,0.00,0.26,0.27,0.00,0.29,0.15,
0.45,0.15,0.20,0.01,0.25,0.01,0.32,0.26,0.00,0.09,0.21,0.28,0.02,
0.35,0.19,0.18,0.18,0.33,0.30,0.21,0.27,0.09,0.00,0.09,0.17,0.53,
0.03,0.16,0.16,0.19,0.12,0.28,0.30,0.00,0.21,0.09,0.00,0.20,0.11,
0.15,0.14,0.00,0.07,0.20,0.14,0.08,0.29,0.28,0.17,0.20,0.00,0.07,
0.12,0.18,0.18,0.20,0.18,0.05,0.15,0.15,0.02,0.53,0.11,0.07,0.00,
